send :02 00 05 32 22 00 00 10 00 03  //接触式卡上电
rec  :02 00 02 20 02 22 03 
send :02 00 05 32 22 00 00 11 01 03  //接触式卡上电
rec  :02 00 02 20 02 22 03 

//蜂鸣器
send：	 02 00 05 31 13 01 f4 01 D6 03
receive：02 00 00 00 03 

//查找卡序列号
02 00 04 32 24 ff ff 16 03
02 00 08 00 00 1A 04 E4 85 AD B6 64 03 

//验证秘钥
02 00 0e 02 46 60 E4 85 AD B6 22 22 22 22 22 22 07 59 03

// mifare 卡读读取块4
02 00 03 02 47 04 41 03
02 00 12 00 00 05 32 86 86 28 63 22 91 00 00 00 00 00 00 00 00 CF 03 

//读卡号
02 00 03 02 47 05 40 03
02 00 12 00 00 00 00 20 00 00 00 00 00 00 00 00 00 00 00 00 00 20 03 